14.242934942245483
10.25363802909851
6.996691465377808
6.851866960525513
6.964919328689575
6.852172374725342
7.053340911865234
6.916737079620361
7.389368057250977
11.641955852508545
14.42492961883545
5.688003301620483
5.559157371520996
5.570545673370361
5.461191415786743
9.024261474609375
15.937846422195435
6.981204271316528
6.862138032913208
6.682559013366699
6.798693418502808
6.547836065292358
7.268427610397339
7.414336204528809
4.879943609237671
5.3375303745269775
4.863028049468994
4.653583526611328
4.721114873886108
4.856085538864136
5.063242435455322
4.481603384017944
4.798396587371826
4.849026441574097
4.56264591217041
4.96720814704895
4.875221014022827
4.863239288330078
4.895925760269165
4.9362640380859375
4.906806230545044
4.719790697097778
4.704431533813477
4.984346389770508
4.875680685043335
4.575211524963379
5.130681037902832
4.642979860305786
4.911078214645386
4.623528480529785
4.9002978801727295
4.894978046417236
4.874491930007935
4.788227558135986
4.934567928314209
4.6700193881988525
4.653746128082275
4.562932252883911
4.720520496368408
4.799370527267456
4.481735706329346
4.469511032104492
4.7185468673706055
