1809.3161821365356
2875.973045349121
2080.0315973758698
1267.4572920799255
149.14161109924316
140.70182490348816
49.539345026016235
49.08958673477173
48.68778324127197
43.66312575340271
46.66859245300293
35.19006633758545
35.0643253326416
34.40825152397156
34.07022714614868
34.80815124511719
35.56454873085022
33.95778203010559
27.49963688850403
26.90376114845276
26.713871002197266
24.98644185066223
25.039268493652344
25.391324281692505
25.25476050376892
25.210233688354492
25.347858905792236
24.75312042236328
24.892321348190308
24.96451425552368
24.90021800994873
24.983747720718384
24.715150356292725
23.95645046234131
24.627086877822876
25.123976230621338
24.10987114906311
25.054038286209106
26.19582176208496
25.051233530044556
25.131469011306763
26.253758907318115
25.56617784500122
26.00292444229126
25.681512117385864
26.04770851135254
25.369062662124634
25.335904836654663
24.430185794830322
24.206239938735962
26.96645951271057
25.801044940948486
25.073852062225342
25.0974338054657
25.018358945846558
25.350351333618164
24.625087022781372
24.67820906639099
25.106340646743774
25.099886417388916
24.77432632446289
25.001359701156616
25.447691202163696
25.012929677963257
24.427316904067993
25.151508569717407
25.07026720046997
25.124839782714844
25.38186287879944
25.204195499420166
25.435032844543457
25.45057225227356
25.611690044403076
25.799790859222412
24.679131984710693
24.6057550907135
24.41005301475525
25.035495281219482
24.908058404922485
25.084885597229004
25.183650255203247
27.06846570968628
24.850329399108887
24.891854286193848
24.603244304656982
28.005229711532593
25.328181743621826
25.504960536956787
25.927802801132202
26.527658224105835
24.809531927108765
25.64133644104004
24.716840744018555
24.718748569488525
25.53497815132141
25.822710752487183
25.970507621765137
25.747382640838623
25.447909832000732
25.302148580551147
25.2135910987854
25.71193766593933
25.219740867614746
25.957284927368164
25.68772315979004
25.76119875907898
25.205347537994385
25.469072818756104
25.503708124160767
27.11772847175598
25.76817488670349
24.80328392982483
25.54138731956482
25.391855239868164
25.29176950454712
24.59642267227173
24.857369661331177
26.365758180618286
25.09449315071106
25.069802045822144
25.01694917678833
25.461606740951538
25.609516859054565
25.589028358459473
24.95502781867981
25.152742862701416
24.812541484832764
24.784887313842773
25.61349105834961
25.130089282989502
24.6424081325531
24.606140851974487
26.080363750457764
25.31913185119629
25.264124155044556
25.06081771850586
24.87421441078186
25.550121784210205
31.047626495361328
28.81447696685791
28.655364274978638
29.146320343017578
29.916935205459595
29.641502857208252
28.886665105819702
29.53125762939453
30.41049313545227
30.426694631576538
30.686533212661743
29.845130443572998
29.522353172302246
30.141775369644165
29.745679140090942
29.56393837928772
29.78399133682251
29.954812049865723
28.340831518173218
29.223685264587402
29.143625497817993
28.71886134147644
29.207712650299072
30.98099637031555
39.432583808898926
34.38758659362793
32.970134019851685
55.299322843551636
67.32151198387146
67.27591514587402
67.13601565361023
53.167290449142456
32.386043548583984
31.58792805671692
32.183119773864746
33.08275127410889
33.55549120903015
33.000205278396606
32.64479351043701
33.30181384086609
33.151148557662964
34.14863657951355
33.04508662223816
32.94178581237793
32.83844828605652
32.94540524482727
47.81011772155762
69.42485165596008
69.27971124649048
68.64491367340088
69.09280037879944
69.20755767822266
69.37600660324097
68.89597129821777
69.70005083084106
68.84848284721375
68.79029488563538
69.02010679244995
69.0768780708313
68.95158958435059
69.34050035476685
68.7239899635315
68.9098572731018
69.17780017852783
69.78406071662903
69.15549492835999
69.08533310890198
68.96621513366699
68.76991772651672
68.76680588722229
67.12433958053589
67.4113278388977
67.63828611373901
67.27075266838074
67.7905707359314
67.35713577270508
67.11976170539856
67.42139554023743
67.39704918861389
67.30183935165405
67.3522355556488
67.42471599578857
67.53150200843811
67.44233345985413
67.41749787330627
67.58569526672363
68.42770385742188
67.98066568374634
67.7531406879425
67.31982398033142
67.47110056877136
51.773146629333496
32.06037735939026
31.8385169506073
33.25399994850159
32.706746101379395
33.102654457092285
33.23540496826172
33.1830792427063
32.67887282371521
32.813429832458496
32.93904972076416
32.91166424751282
32.870497941970825
33.15112638473511
32.78755807876587
33.018141746520996
32.60112929344177
33.33181548118591
34.312472105026245
32.91692399978638
33.171525716781616
