13.431960344314575
9.310571670532227
6.290563583374023
6.4046876430511475
6.480136156082153
6.624640464782715
7.502882242202759
7.166257858276367
7.226856470108032
7.104531288146973
5.94934344291687
6.035104513168335
5.9193902015686035
6.084653615951538
5.99048638343811
6.272607803344727
5.905317544937134
6.204299688339233
6.162474632263184
6.228226184844971
5.95029616355896
5.995182991027832
6.032486438751221
6.4771013259887695
6.039555549621582
6.234492778778076
6.228847980499268
6.173864841461182
6.295202732086182
6.187602281570435
6.18342661857605
6.132479906082153
6.244210720062256
6.110561847686768
5.993193626403809
5.9231016635894775
6.518465518951416
6.542789936065674
6.047055959701538
6.114297866821289
6.192253112792969
6.063967704772949
6.369108438491821
6.174131870269775
6.065547466278076
5.994224786758423
5.9868104457855225
6.1832356452941895
6.973750352859497
13.001123905181885
10.144113779067993
9.391994714736938
9.8043372631073
9.5914888381958
9.461433172225952
8.498926877975464
8.729952335357666
8.753121137619019
13.418548583984375
9.631723880767822
16.489957809448242
14.414397478103638
11.004611253738403
