1288.1883337497711
1480.9677031040192
1680.9738128185272
1781.4138524532318
1741.699096918106
1808.621853351593
1805.0380561351776
1816.229187965393
1696.534373998642
1822.0457985401154
1832.7995154857635
1668.0267314910889
1884.3415839672089
2682.060745239258
3341.418297767639
4346.278812408447
905.6754775047302
36947.93714046478
1185.5183591842651
1586.3003942966461
1367.2674379348755
1924.7323207855225
1953.5345282554626
2061.560212135315
860.1952805519104
1831.078938484192
1708.6959073543549
1713.2558035850525
1509.758362531662
1813.133278131485
1950.4325618743896
1964.079241991043
1672.4899780750275
974.1837320327759
1964.3474266529083
1672.899158000946
1179.592886209488
949.9332909584045
1741.1786370277405
1189.7422094345093
1987.387835264206
1525.2217073440552
2004.0421733856201
1991.3635456562042
1487.1086316108704
744.6223697662354
1930.149706363678
1663.45432138443
2027.8147330284119
1931.286901473999
2047.2739961147308
2047.8346750736237
2001.5130212306976
1763.2622423171997
2076.3319025039673
2000.8406941890717
2082.3613362312317
2102.0772218704224
2093.9107053279877
2113.2354447841644
2116.164715051651
2008.0039293766022
2158.728539943695
2155.5258247852325
2057.228055715561
2900.1164560317993
5178.040314912796
2130.6857891082764
1709.6774332523346
2120.4176454544067
2322.9290657043457
2553.9314863681793
2557.6066238880157
2455.155706167221
2464.355388879776
2493.0050761699677
2329.23095703125
2488.8386373519897
2497.6870629787445
2502.9527785778046
1259.7003796100616
2247.203339099884
2147.085215330124
2505.882579088211
785.6508655548096
1426.7956595420837
1201.598687171936
2127.758838415146
1777.2800076007843
2325.989636659622
2333.515204191208
2346.874685049057
960.4406247138977
2059.8766281604767
1932.0907442569733
2375.725948572159
2367.7698061466217
2384.0378947257996
2387.561628103256
2391.4120836257935
2395.643058538437
2325.3027913570404
2411.686021566391
2419.491264820099
2436.6283345222473
2288.408469438553
4519.186661720276
2911.213769197464
2138.3361628055573
2372.918732881546
2722.3746206760406
