18.954899072647095
23.378884077072144
20.178829669952393
15.755447387695312
23.77989912033081
14.85314154624939
23.591670274734497
14.532710552215576
15.552895307540894
21.000112295150757
18.883132219314575
14.301312685012817
17.305774927139282
20.432496786117554
20.437800407409668
15.945195436477661
21.752994537353516
12.853031158447266
22.735168933868408
14.694995880126953
21.21077609062195
14.869664192199707
24.14765763282776
14.426187753677368
19.753859043121338
15.16360330581665
24.118087768554688
14.84202766418457
21.256484031677246
14.531798839569092
20.51357364654541
14.404921293258667
21.41186022758484
14.488832235336304
23.79349112510681
14.748250246047974
15.634539127349854
18.047390460968018
20.64279842376709
16.261858463287354
23.82663130760193
15.866238594055176
16.086837768554688
18.215070247650146
14.8680899143219
20.611671209335327
20.65365195274353
16.388264179229736
21.69181990623474
14.760590076446533
21.30307388305664
14.951302289962769
23.40076518058777
14.85684585571289
23.918166399002075
15.160468101501465
20.877594709396362
15.429779052734375
15.724566221237183
20.27558970451355
22.829780340194702
15.669249057769775
15.316050052642822
18.04093027114868
22.639297246932983
16.11750888824463
15.874111652374268
20.4083411693573
11.406441450119019
25.528570413589478
26.236730337142944
11.510148286819458
11.609010457992554
27.436503887176514
27.34188151359558
10.063483238220215
36.50902223587036
13.744592428207397
14.862826585769653
13.528177499771118
37.72350287437439
12.039333581924438
14.498213291168213
13.754043817520142
33.396249294281006
14.74275255203247
15.153842687606812
14.21544885635376
31.037311553955078
15.30901312828064
15.094772577285767
13.52859115600586
33.04634928703308
13.91886281967163
12.778547286987305
13.170826435089111
37.115968227386475
13.761924505233765
17.849168300628662
15.314180850982666
23.9637930393219
14.482470273971558
24.64891767501831
15.10845947265625
15.893044710159302
20.529098749160767
19.216034173965454
14.957874298095703
16.13940739631653
20.639921188354492
20.789005994796753
16.05690312385559
22.35878825187683
13.932655096054077
15.305515050888062
20.499217748641968
11.54689359664917
27.91246008872986
27.712308883666992
10.311176538467407
22.22544527053833
15.81363558769226
16.17642068862915
20.885406255722046
23.367761373519897
16.197598218917847
14.426012754440308
20.439136505126953
23.023292779922485
15.96017050743103
16.451313972473145
20.820422649383545
21.01795983314514
15.99717378616333
16.28885293006897
20.749624729156494
23.284888982772827
17.68135643005371
16.305558919906616
19.610664129257202
23.563084602355957
15.908191919326782
16.013953924179077
20.996309280395508
11.469483613967896
25.918601512908936
27.933552265167236
11.548588991165161
11.6038818359375
27.964127779006958
27.469035148620605
10.497929096221924
23.476468801498413
16.16624355316162
16.335606336593628
21.215072631835938
11.590933799743652
26.10858464241028
27.88856053352356
11.480045795440674
32.21413588523865
10.299490928649902
16.124837398529053
18.625521421432495
30.637422561645508
10.231182336807251
16.40069079399109
19.90215539932251
31.317514181137085
8.972166061401367
15.242584228515625
31.495636701583862
19.2445867061615
58.04700326919556
37.011691093444824
15.312143087387085
18.915990591049194
26.582245349884033
26.30863094329834
16.754467964172363
22.8252170085907
15.897180080413818
17.768561124801636
22.350424766540527
16.293973445892334
23.63495445251465
23.496721982955933
16.76692509651184
30.271247625350952
20.89982581138611
20.420595169067383
26.002007722854614
13.475160360336304
31.566025257110596
34.71235513687134
13.50112795829773
27.45000696182251
17.539796590805054
19.01984143257141
24.744239568710327
22.801297903060913
34.72770047187805
33.712327003479004
9.02898097038269
36.628034353256226
34.907788038253784
13.691946029663086
14.878718852996826
41.26616072654724
30.91954255104065
18.934501886367798
11.959633588790894
19.354806184768677
34.747154712677
32.955023765563965
9.117798089981079
21.492208003997803
34.25376224517822
24.152761220932007
17.446255922317505
22.061472177505493
35.02438139915466
37.161633253097534
9.139907836914062
13.236754417419434
32.16353392601013
30.78251838684082
13.16131067276001
12.993427991867065
32.42628812789917
32.63993501663208
13.238792419433594
16.351951837539673
28.225452661514282
28.082494735717773
11.496158361434937
11.465681791305542
27.309699773788452
27.512781620025635
11.07400918006897
10.973560810089111
27.633485078811646
27.508014917373657
11.491170406341553
18.070868253707886
31.51802158355713
19.74361777305603
11.099390506744385
29.022064208984375
17.793391942977905
10.880258560180664
17.91208505630493
